Hyperparameters: {'latent_dim': 256, 'embedding_dim': 512, 'encoder_dropout': 0.2, 'encoder_recurrent_dropout': 0.2, 'decoder_dropout': 0.2, 'decoder_recurrent_dropout': 0.2, 'optimizer_class': <class 'keras.src.optimizers.rmsprop.RMSprop'>, 'learning_rate': 0.001, 'epochs': 50, 'batch_size': 128}
History: {'accuracy': [0.42857468128204346, 0.4304073750972748, 0.4304071366786957], 'loss': [9.157989501953125, 9.18095588684082, 9.180956840515137], 'val_accuracy': [0.4358479976654053, 0.4358479976654053, 0.4358479976654053], 'val_loss': [4.527351379394531, 4.533766746520996, 4.5430097579956055], 'learning_rate': [0.0010000000474974513, 0.0009500000160187483, 0.0009025000035762787]}

Last epoch loss: 9.180956840515137, val_loss: 4.5430097579956055
Hyperparameters: {'latent_dim': 256, 'embedding_dim': 512, 'encoder_dropout': 0.2, 'encoder_recurrent_dropout': 0.2, 'decoder_dropout': 0.2, 'decoder_recurrent_dropout': 0.2, 'optimizer_class': <class 'keras.src.optimizers.rmsprop.RMSprop'>, 'learning_rate': 0.001, 'epochs': 50, 'batch_size': 128}
History: {'accuracy': [0.5773121118545532, 0.6019352674484253, 0.6117042303085327, 0.6194337606430054, 0.6251063346862793, 0.6297695636749268, 0.6336479187011719, 0.6369462013244629, 0.6398150324821472, 0.6421971917152405, 0.6446304321289062, 0.6461827158927917, 0.6481459736824036, 0.649639368057251, 0.6514162421226501, 0.6529577374458313, 0.6541610956192017, 0.65575110912323, 0.6566258072853088, 0.6580569744110107, 0.6593013405799866, 0.660137951374054, 0.6613233089447021, 0.6620946526527405, 0.6635153293609619, 0.6643518209457397, 0.6646764278411865], 'loss': [3.0507774353027344, 2.5493218898773193, 2.409175395965576, 2.290844202041626, 2.2052879333496094, 2.1414005756378174, 2.0877151489257812, 2.045759916305542, 2.008913516998291, 1.9785106182098389, 1.9502842426300049, 1.923865795135498, 1.900499939918518, 1.8805925846099854, 1.8599616289138794, 1.8419300317764282, 1.8254250288009644, 1.8099751472473145, 1.7960608005523682, 1.781895637512207, 1.7657225131988525, 1.7538617849349976, 1.7420719861984253, 1.729369044303894, 1.7200899124145508, 1.709243893623352, 1.7000486850738525], 'val_accuracy': [0.6006281971931458, 0.6072828769683838, 0.6143417954444885, 0.6204988360404968, 0.6230797171592712, 0.6283972859382629, 0.6325953006744385, 0.6341813206672668, 0.6357049942016602, 0.6376330256462097, 0.6394675970077515, 0.6408047676086426, 0.6416133642196655, 0.642048716545105, 0.6434168815612793, 0.6435413360595703, 0.6434479355812073, 0.6431370973587036, 0.6452826857566833, 0.6440388560295105, 0.6441942453384399, 0.6444741487503052, 0.6436967849731445, 0.6441320776939392, 0.6445674300193787, 0.6445364356040955, 0.6445674896240234], 'val_loss': [2.667027711868286, 2.5199761390686035, 2.4215633869171143, 2.3307056427001953, 2.2638041973114014, 2.214505910873413, 2.1804847717285156, 2.1422855854034424, 2.1387667655944824, 2.112969160079956, 2.102123975753784, 2.0886430740356445, 2.082881212234497, 2.0734193325042725, 2.0673930644989014, 2.061394453048706, 2.0546810626983643, 2.0557913780212402, 2.0488359928131104, 2.0474040508270264, 2.0462143421173096, 2.042999029159546, 2.04463791847229, 2.041828155517578, 2.038088083267212, 2.0391204357147217, 2.040149450302124], 'learning_rate': [0.0010000000474974513, 0.0009500000160187483, 0.0009025000035762787, 0.0008573749801144004, 0.0008145062020048499, 0.000773780862800777, 0.0007350918021984398, 0.0006983372149989009, 0.0006634203600697219, 0.0006302493275143206, 0.0005987368640489876, 0.0005688000237569213, 0.0005403599934652448, 0.0005133419763296843, 0.00048767487169243395, 0.0004632911295630038, 0.00044012657599523664, 0.00041812023846432567, 0.00039721422945149243, 0.00037735351361334324, 0.00035848584957420826, 0.00034056155709549785, 0.0003235334879718721, 0.0003073568223044276, 0.00029198898118920624, 0.00027738953940570354, 0.0002635200507938862]}

Last epoch loss: 1.7000486850738525, val_loss: 2.040149450302124
Mean ROUGE scores: {'mean_rouge1': np.float64(0.12725353535353537), 'mean_rouge2': np.float64(0.026490476190476193), 'mean_rougeL': np.float64(0.12648210678210678)}
Mean WER score: 1.1188
Mean Cosine Similarity score: 0.3938819169998169

